SERVER_PORT=1000
DB_URL=mongodb://127.0.0.1:27017/
DB_NAME=cs572-homework8
MUM_LAT=41.017654
MUM_LONG=-91.9665342